<html>
<head><meta charset="utf-8" /></head>
<body>
    <div>                        <script type="text/javascript">window.PlotlyConfig = {MathJaxConfig: 'local'};</script>
        <script charset="utf-8" src="https://cdn.plot.ly/plotly-2.35.2.min.js"></script>                <div id="c4f58166-13f1-4b7e-9eea-b84a79986a12" class="plotly-graph-div" style="height:800px; width:800px;"></div>            <script type="text/javascript">                                    window.PLOTLYENV=window.PLOTLYENV || {};                                    if (document.getElementById("c4f58166-13f1-4b7e-9eea-b84a79986a12")) {                    Plotly.newPlot(                        "c4f58166-13f1-4b7e-9eea-b84a79986a12",                        [{"colorbar":{"tickvals":[-1,0,1],"title":{"text":"Correlation"}},"colorscale":[[0.0,"rgb(103,0,31)"],[0.1,"rgb(178,24,43)"],[0.2,"rgb(214,96,77)"],[0.3,"rgb(244,165,130)"],[0.4,"rgb(253,219,199)"],[0.5,"rgb(247,247,247)"],[0.6,"rgb(209,229,240)"],[0.7,"rgb(146,197,222)"],[0.8,"rgb(67,147,195)"],[0.9,"rgb(33,102,172)"],[1.0,"rgb(5,48,97)"]],"hoverongaps":false,"showscale":true,"text":[[1.0,-0.1688953903705705,-0.28258900957258065,-0.06929909623581051,0.5220549094156801,-0.03919883410610357,0.19900560931752537,-0.10737259097043107,-0.15181921986704933,0.009378645846822284,0.15186951797004927],[-0.1688953903705705,1.0,0.5976710817210903,0.06043057871181892,0.10190250569191941,0.858717300406262,0.676006254685318,0.9615855176234331,0.6507589247438009,0.35519766912293593,-0.03744899585431686],[-0.28258900957258065,0.5976710817210903,1.0,-0.3811195346458527,-0.3351277675978909,0.2564072392623259,0.5014149727202163,0.516835971025933,0.306410361892537,-0.05997580385893065,-0.4094350232597254],[-0.06929909623581051,0.06043057871181892,-0.3811195346458527,1.0,0.3497378707987467,0.4070165600215339,-0.10581017930165254,0.056616790620316,0.29197254234953623,0.4932382629421746,0.6741367345133024],[0.5220549094156801,0.10190250569191941,-0.3351277675978909,0.3497378707987467,1.0,0.3402092379932822,0.13934290864032403,0.159302547059849,0.18577661779405308,0.2681575607541592,0.427308493483993],[-0.03919883410610357,0.858717300406262,0.2564072392623259,0.4070165600215339,0.3402092379932822,1.0,0.5880224832302003,0.8486133646356536,0.6994540979228506,0.49613803821366714,0.2641637235367303],[0.19900560931752537,0.676006254685318,0.5014149727202163,-0.10581017930165254,0.13934290864032403,0.5880224832302003,1.0,0.6794886945931119,0.3808573048842361,0.22992468846090872,-0.04105073966807757],[-0.10737259097043107,0.9615855176234331,0.516835971025933,0.056616790620316,0.159302547059849,0.8486133646356536,0.6794886945931119,1.0,0.579927315166983,0.3205884363859245,-0.0004135148282444791],[-0.15181921986704933,0.6507589247438009,0.306410361892537,0.29197254234953623,0.18577661779405308,0.6994540979228506,0.3808573048842361,0.579927315166983,1.0,0.5975638112387452,0.2520910008770422],[0.009378645846822284,0.35519766912293593,-0.05997580385893065,0.4932382629421746,0.2681575607541592,0.49613803821366714,0.22992468846090872,0.3205884363859245,0.5975638112387452,1.0,0.6476779217655295],[0.15186951797004927,-0.03744899585431686,-0.4094350232597254,0.6741367345133024,0.427308493483993,0.2641637235367303,-0.04105073966807757,-0.0004135148282444791,0.2520910008770422,0.6476779217655295,1.0]],"texttemplate":"%{text:.2f}","x":["gamelength","team_kpm","ckpm","cspm","vspm","earned_gpm","dpm","kppm","goldat15","xpat15","csat15"],"y":["gamelength","team_kpm","ckpm","cspm","vspm","earned_gpm","dpm","kppm","goldat15","xpat15","csat15"],"z":[[1.0,-0.1688953903705705,-0.28258900957258065,-0.06929909623581051,0.5220549094156801,-0.03919883410610357,0.19900560931752537,-0.10737259097043107,-0.15181921986704933,0.009378645846822284,0.15186951797004927],[-0.1688953903705705,1.0,0.5976710817210903,0.06043057871181892,0.10190250569191941,0.858717300406262,0.676006254685318,0.9615855176234331,0.6507589247438009,0.35519766912293593,-0.03744899585431686],[-0.28258900957258065,0.5976710817210903,1.0,-0.3811195346458527,-0.3351277675978909,0.2564072392623259,0.5014149727202163,0.516835971025933,0.306410361892537,-0.05997580385893065,-0.4094350232597254],[-0.06929909623581051,0.06043057871181892,-0.3811195346458527,1.0,0.3497378707987467,0.4070165600215339,-0.10581017930165254,0.056616790620316,0.29197254234953623,0.4932382629421746,0.6741367345133024],[0.5220549094156801,0.10190250569191941,-0.3351277675978909,0.3497378707987467,1.0,0.3402092379932822,0.13934290864032403,0.159302547059849,0.18577661779405308,0.2681575607541592,0.427308493483993],[-0.03919883410610357,0.858717300406262,0.2564072392623259,0.4070165600215339,0.3402092379932822,1.0,0.5880224832302003,0.8486133646356536,0.6994540979228506,0.49613803821366714,0.2641637235367303],[0.19900560931752537,0.676006254685318,0.5014149727202163,-0.10581017930165254,0.13934290864032403,0.5880224832302003,1.0,0.6794886945931119,0.3808573048842361,0.22992468846090872,-0.04105073966807757],[-0.10737259097043107,0.9615855176234331,0.516835971025933,0.056616790620316,0.159302547059849,0.8486133646356536,0.6794886945931119,1.0,0.579927315166983,0.3205884363859245,-0.0004135148282444791],[-0.15181921986704933,0.6507589247438009,0.306410361892537,0.29197254234953623,0.18577661779405308,0.6994540979228506,0.3808573048842361,0.579927315166983,1.0,0.5975638112387452,0.2520910008770422],[0.009378645846822284,0.35519766912293593,-0.05997580385893065,0.4932382629421746,0.2681575607541592,0.49613803821366714,0.22992468846090872,0.3205884363859245,0.5975638112387452,1.0,0.6476779217655295],[0.15186951797004927,-0.03744899585431686,-0.4094350232597254,0.6741367345133024,0.427308493483993,0.2641637235367303,-0.04105073966807757,-0.0004135148282444791,0.2520910008770422,0.6476779217655295,1.0]],"zmax":1,"zmin":-1,"type":"heatmap"}],                        {"template":{"data":{"barpolar":[{"marker":{"line":{"color":"white","width":0.5},"pattern":{"fillmode":"overlay","size":10,"solidity":0.2}},"type":"barpolar"}],"bar":[{"error_x":{"color":"rgb(36,36,36)"},"error_y":{"color":"rgb(36,36,36)"},"marker":{"line":{"color":"white","width":0.5},"pattern":{"fillmode":"overlay","size":10,"solidity":0.2}},"type":"bar"}],"carpet":[{"aaxis":{"endlinecolor":"rgb(36,36,36)","gridcolor":"white","linecolor":"white","minorgridcolor":"white","startlinecolor":"rgb(36,36,36)"},"baxis":{"endlinecolor":"rgb(36,36,36)","gridcolor":"white","linecolor":"white","minorgridcolor":"white","startlinecolor":"rgb(36,36,36)"},"type":"carpet"}],"choropleth":[{"colorbar":{"outlinewidth":1,"tickcolor":"rgb(36,36,36)","ticks":"outside"},"type":"choropleth"}],"contourcarpet":[{"colorbar":{"outlinewidth":1,"tickcolor":"rgb(36,36,36)","ticks":"outside"},"type":"contourcarpet"}],"contour":[{"colorbar":{"outlinewidth":1,"tickcolor":"rgb(36,36,36)","ticks":"outside"},"colorscale":[[0.0,"#440154"],[0.1111111111111111,"#482878"],[0.2222222222222222,"#3e4989"],[0.3333333333333333,"#31688e"],[0.4444444444444444,"#26828e"],[0.5555555555555556,"#1f9e89"],[0.6666666666666666,"#35b779"],[0.7777777777777778,"#6ece58"],[0.8888888888888888,"#b5de2b"],[1.0,"#fde725"]],"type":"contour"}],"heatmapgl":[{"colorbar":{"outlinewidth":1,"tickcolor":"rgb(36,36,36)","ticks":"outside"},"colorscale":[[0.0,"#440154"],[0.1111111111111111,"#482878"],[0.2222222222222222,"#3e4989"],[0.3333333333333333,"#31688e"],[0.4444444444444444,"#26828e"],[0.5555555555555556,"#1f9e89"],[0.6666666666666666,"#35b779"],[0.7777777777777778,"#6ece58"],[0.8888888888888888,"#b5de2b"],[1.0,"#fde725"]],"type":"heatmapgl"}],"heatmap":[{"colorbar":{"outlinewidth":1,"tickcolor":"rgb(36,36,36)","ticks":"outside"},"colorscale":[[0.0,"#440154"],[0.1111111111111111,"#482878"],[0.2222222222222222,"#3e4989"],[0.3333333333333333,"#31688e"],[0.4444444444444444,"#26828e"],[0.5555555555555556,"#1f9e89"],[0.6666666666666666,"#35b779"],[0.7777777777777778,"#6ece58"],[0.8888888888888888,"#b5de2b"],[1.0,"#fde725"]],"type":"heatmap"}],"histogram2dcontour":[{"colorbar":{"outlinewidth":1,"tickcolor":"rgb(36,36,36)","ticks":"outside"},"colorscale":[[0.0,"#440154"],[0.1111111111111111,"#482878"],[0.2222222222222222,"#3e4989"],[0.3333333333333333,"#31688e"],[0.4444444444444444,"#26828e"],[0.5555555555555556,"#1f9e89"],[0.6666666666666666,"#35b779"],[0.7777777777777778,"#6ece58"],[0.8888888888888888,"#b5de2b"],[1.0,"#fde725"]],"type":"histogram2dcontour"}],"histogram2d":[{"colorbar":{"outlinewidth":1,"tickcolor":"rgb(36,36,36)","ticks":"outside"},"colorscale":[[0.0,"#440154"],[0.1111111111111111,"#482878"],[0.2222222222222222,"#3e4989"],[0.3333333333333333,"#31688e"],[0.4444444444444444,"#26828e"],[0.5555555555555556,"#1f9e89"],[0.6666666666666666,"#35b779"],[0.7777777777777778,"#6ece58"],[0.8888888888888888,"#b5de2b"],[1.0,"#fde725"]],"type":"histogram2d"}],"histogram":[{"marker":{"line":{"color":"white","width":0.6}},"type":"histogram"}],"mesh3d":[{"colorbar":{"outlinewidth":1,"tickcolor":"rgb(36,36,36)","ticks":"outside"},"type":"mesh3d"}],"parcoords":[{"line":{"colorbar":{"outlinewidth":1,"tickcolor":"rgb(36,36,36)","ticks":"outside"}},"type":"parcoords"}],"pie":[{"automargin":true,"type":"pie"}],"scatter3d":[{"line":{"colorbar":{"outlinewidth":1,"tickcolor":"rgb(36,36,36)","ticks":"outside"}},"marker":{"colorbar":{"outlinewidth":1,"tickcolor":"rgb(36,36,36)","ticks":"outside"}},"type":"scatter3d"}],"scattercarpet":[{"marker":{"colorbar":{"outlinewidth":1,"tickcolor":"rgb(36,36,36)","ticks":"outside"}},"type":"scattercarpet"}],"scattergeo":[{"marker":{"colorbar":{"outlinewidth":1,"tickcolor":"rgb(36,36,36)","ticks":"outside"}},"type":"scattergeo"}],"scattergl":[{"marker":{"colorbar":{"outlinewidth":1,"tickcolor":"rgb(36,36,36)","ticks":"outside"}},"type":"scattergl"}],"scattermapbox":[{"marker":{"colorbar":{"outlinewidth":1,"tickcolor":"rgb(36,36,36)","ticks":"outside"}},"type":"scattermapbox"}],"scatterpolargl":[{"marker":{"colorbar":{"outlinewidth":1,"tickcolor":"rgb(36,36,36)","ticks":"outside"}},"type":"scatterpolargl"}],"scatterpolar":[{"marker":{"colorbar":{"outlinewidth":1,"tickcolor":"rgb(36,36,36)","ticks":"outside"}},"type":"scatterpolar"}],"scatter":[{"fillpattern":{"fillmode":"overlay","size":10,"solidity":0.2},"type":"scatter"}],"scatterternary":[{"marker":{"colorbar":{"outlinewidth":1,"tickcolor":"rgb(36,36,36)","ticks":"outside"}},"type":"scatterternary"}],"surface":[{"colorbar":{"outlinewidth":1,"tickcolor":"rgb(36,36,36)","ticks":"outside"},"colorscale":[[0.0,"#440154"],[0.1111111111111111,"#482878"],[0.2222222222222222,"#3e4989"],[0.3333333333333333,"#31688e"],[0.4444444444444444,"#26828e"],[0.5555555555555556,"#1f9e89"],[0.6666666666666666,"#35b779"],[0.7777777777777778,"#6ece58"],[0.8888888888888888,"#b5de2b"],[1.0,"#fde725"]],"type":"surface"}],"table":[{"cells":{"fill":{"color":"rgb(237,237,237)"},"line":{"color":"white"}},"header":{"fill":{"color":"rgb(217,217,217)"},"line":{"color":"white"}},"type":"table"}]},"layout":{"annotationdefaults":{"arrowhead":0,"arrowwidth":1},"autotypenumbers":"strict","coloraxis":{"colorbar":{"outlinewidth":1,"tickcolor":"rgb(36,36,36)","ticks":"outside"}},"colorscale":{"diverging":[[0.0,"rgb(103,0,31)"],[0.1,"rgb(178,24,43)"],[0.2,"rgb(214,96,77)"],[0.3,"rgb(244,165,130)"],[0.4,"rgb(253,219,199)"],[0.5,"rgb(247,247,247)"],[0.6,"rgb(209,229,240)"],[0.7,"rgb(146,197,222)"],[0.8,"rgb(67,147,195)"],[0.9,"rgb(33,102,172)"],[1.0,"rgb(5,48,97)"]],"sequential":[[0.0,"#440154"],[0.1111111111111111,"#482878"],[0.2222222222222222,"#3e4989"],[0.3333333333333333,"#31688e"],[0.4444444444444444,"#26828e"],[0.5555555555555556,"#1f9e89"],[0.6666666666666666,"#35b779"],[0.7777777777777778,"#6ece58"],[0.8888888888888888,"#b5de2b"],[1.0,"#fde725"]],"sequentialminus":[[0.0,"#440154"],[0.1111111111111111,"#482878"],[0.2222222222222222,"#3e4989"],[0.3333333333333333,"#31688e"],[0.4444444444444444,"#26828e"],[0.5555555555555556,"#1f9e89"],[0.6666666666666666,"#35b779"],[0.7777777777777778,"#6ece58"],[0.8888888888888888,"#b5de2b"],[1.0,"#fde725"]]},"colorway":["#1F77B4","#FF7F0E","#2CA02C","#D62728","#9467BD","#8C564B","#E377C2","#7F7F7F","#BCBD22","#17BECF"],"font":{"color":"rgb(36,36,36)"},"geo":{"bgcolor":"white","lakecolor":"white","landcolor":"white","showlakes":true,"showland":true,"subunitcolor":"white"},"hoverlabel":{"align":"left"},"hovermode":"closest","mapbox":{"style":"light"},"paper_bgcolor":"white","plot_bgcolor":"white","polar":{"angularaxis":{"gridcolor":"rgb(232,232,232)","linecolor":"rgb(36,36,36)","showgrid":false,"showline":true,"ticks":"outside"},"bgcolor":"white","radialaxis":{"gridcolor":"rgb(232,232,232)","linecolor":"rgb(36,36,36)","showgrid":false,"showline":true,"ticks":"outside"}},"scene":{"xaxis":{"backgroundcolor":"white","gridcolor":"rgb(232,232,232)","gridwidth":2,"linecolor":"rgb(36,36,36)","showbackground":true,"showgrid":false,"showline":true,"ticks":"outside","zeroline":false,"zerolinecolor":"rgb(36,36,36)"},"yaxis":{"backgroundcolor":"white","gridcolor":"rgb(232,232,232)","gridwidth":2,"linecolor":"rgb(36,36,36)","showbackground":true,"showgrid":false,"showline":true,"ticks":"outside","zeroline":false,"zerolinecolor":"rgb(36,36,36)"},"zaxis":{"backgroundcolor":"white","gridcolor":"rgb(232,232,232)","gridwidth":2,"linecolor":"rgb(36,36,36)","showbackground":true,"showgrid":false,"showline":true,"ticks":"outside","zeroline":false,"zerolinecolor":"rgb(36,36,36)"}},"shapedefaults":{"fillcolor":"black","line":{"width":0},"opacity":0.3},"ternary":{"aaxis":{"gridcolor":"rgb(232,232,232)","linecolor":"rgb(36,36,36)","showgrid":false,"showline":true,"ticks":"outside"},"baxis":{"gridcolor":"rgb(232,232,232)","linecolor":"rgb(36,36,36)","showgrid":false,"showline":true,"ticks":"outside"},"bgcolor":"white","caxis":{"gridcolor":"rgb(232,232,232)","linecolor":"rgb(36,36,36)","showgrid":false,"showline":true,"ticks":"outside"}},"title":{"x":0.5,"xanchor":"center"},"xaxis":{"automargin":true,"gridcolor":"rgb(232,232,232)","linecolor":"rgb(36,36,36)","showgrid":true,"showline":true,"ticks":"outside","title":{"standoff":15},"zeroline":false,"zerolinecolor":"rgb(36,36,36)"},"yaxis":{"automargin":true,"gridcolor":"rgb(232,232,232)","linecolor":"rgb(36,36,36)","showgrid":true,"showline":true,"ticks":"outside","title":{"standoff":15},"zeroline":false,"zerolinecolor":"rgb(36,36,36)"},"autosize":true,"height":400,"margin":{"b":30,"l":30,"r":30,"t":30},"width":600}},"xaxis":{"title":{"text":"Metrics"},"tickangle":45},"yaxis":{"title":{"text":"Metrics"},"tickangle":0},"title":{"text":"Team-wide Metrics"},"height":800,"width":800},                        {"responsive": true}                    )                };                            </script>        </div>
</body>
</html>